Frame
Vertices
2.952 33.342 58.003
3.763 32.836 56.814
3.227 32.434 55.781
3.657 33.131 59.264
2.624 34.822 57.826
3.408 35.517 56.728
4.801 35.951 57.136
4.939 36.693 58.131
5.765 35.549 56.449
5.084 32.859 56.964
5.973 32.295 55.961
6.007 30.78 56.06
5.934 30.167 57.127
7.389 32.859 56.132
8.364 32.332 55.082
7.864 32.641 53.681
8.462 33.837 53.087
8.938 33.87 51.845
8.877 32.766 51.096
9.47 34.982 51.344
6.137 30.136 54.907
6.262 28.677 54.91
7.726 28.264 54.943
8.387 28.494 53.904
5.536 28.195 53.644
5.16 26.743 53.75
5.786 26.1 54.609
4.26 26.277 53.002
8.279 27.704 56.029
9.691 27.261 56.013
9.853 25.752 55.824
10.978 25.185 56.027
10.413 27.748 57.276
10.631 29.566 57.45
8.783 25.033 55.444
8.816 23.605 55.097
9.658 23.335 53.844
9.327 23.921 52.809
7.365 23.087 54.885
6.555 22.842 56.133
5.049 22.786 55.962
4.32 23.56 56.942
4.153 23.441 58.248
3.41 24.327 58.907
4.695 22.466 58.983
10.686 22.476 53.893
11.656 22.227 52.797
10.927 21.775 51.535
11.325 22.144 50.423
12.779 21.246 53.22
Edges
(18)(15)
(15)(14)
(9)(2)
(9)(8)
(9)(10)
(2)(10)
(8)(10)
(4)(5)
(4)(7)
(4)(6)
(5)(7)
(5)(6)
(7)(6)
(0)(1)
(0)(9)
(0)(3)
(1)(9)
(1)(3)
(9)(3)
(0)(6)
(0)(4)
(6)(3)
(4)(3)
(9)(11)
(9)(12)
(11)(10)
(11)(12)
(10)(12)
(1)(2)
(1)(4)
(2)(0)
(2)(4)
(42)(43)
(42)(41)
(43)(41)
(44)(39)
(44)(31)
(45)(31)
(13)(8)
(13)(10)
(13)(9)
(7)(3)
(0)(5)
(1)(5)
(2)(5)
(11)(14)
(11)(13)
(12)(14)
(12)(13)
(14)(13)
(16)(14)
(16)(18)
(16)(17)
(14)(17)
(18)(17)
(25)(27)
(25)(26)
(27)(26)
(46)(36)
(46)(45)
(36)(45)
(36)(31)
(20)(22)
(20)(23)
(20)(14)
(22)(23)
(16)(19)
(19)(17)
(14)(10)
(1)(8)
(5)(8)
(9)(6)
(7)(8)
(6)(8)
(9)(5)
(34)(28)
(34)(32)
(28)(32)
(2)(12)
(43)(44)
(44)(42)
(11)(2)
(1)(11)
(1)(12)
(20)(24)
(20)(15)
(24)(23)
(45)(35)
(35)(39)
(35)(31)
(2)(20)
(23)(25)
(23)(26)
(10)(20)
(20)(11)
(10)(15)
(16)(15)
(23)(34)
(23)(28)
(34)(22)
(28)(22)
(15)(13)
(16)(13)
(11)(22)
(31)(30)
(31)(34)
(39)(34)
(30)(34)
(21)(20)
(21)(12)
(20)(12)
(23)(21)
(22)(21)
(12)(22)
(24)(21)
(24)(26)
(24)(22)
(21)(26)
(26)(22)
(18)(19)
(24)(25)
(29)(32)
(29)(28)
(29)(30)
(32)(30)
(28)(30)
(33)(44)
(40)(26)
(40)(41)
(26)(41)
(27)(41)
(31)(37)
(37)(30)
(30)(23)
(21)(25)
(48)(37)
(48)(46)
(37)(46)
(38)(40)
(38)(39)
(40)(39)
(40)(42)
(40)(44)
(44)(41)
(37)(47)
(37)(38)
(39)(41)
(39)(42)
(34)(26)
(26)(28)
(28)(12)
(4)(27)
(43)(27)
(29)(31)
(31)(32)
(23)(29)
(29)(34)
(18)(27)
(27)(24)
(34)(35)
(38)(26)
(26)(39)
(32)(49)
(49)(31)
(21)(28)
(11)(28)
(47)(48)
(45)(38)
(38)(35)
(37)(34)
(33)(32)
(33)(29)
(33)(49)
(38)(34)
(37)(35)
(37)(36)
(37)(45)
(33)(28)
(34)(36)
(36)(35)
(30)(36)
(45)(47)
(36)(38)
(27)(48)
(47)(36)
(47)(44)
(48)(49)
(47)(49)
(47)(46)
(49)(44)
(49)(46)
(45)(49)
Facet
Cell
Frame
Vertices
2.92866 33.328 58.003
3.73961 32.8228 56.814
3.20413 32.4206 55.781
3.657 33.131 59.264
2.624 34.822 57.826
3.408 35.517 56.728
4.801 35.951 57.136
4.939 36.693 58.131
5.765 35.549 56.449
5.084 32.859 56.964
5.973 32.295 55.961
6.007 30.78 56.06
5.934 30.167 57.127
7.389 32.859 56.132
8.364 32.332 55.082
7.864 32.641 53.681
8.462 33.837 53.087
8.938 33.87 51.845
8.877 32.766 51.096
9.47 34.982 51.344
6.137 30.136 54.907
6.262 28.677 54.91
7.726 28.264 54.943
8.387 28.494 53.904
5.536 28.195 53.644
5.16 26.743 53.75
5.786 26.1 54.609
4.26 26.277 53.002
8.279 27.704 56.029
9.691 27.261 56.013
9.853 25.752 55.824
10.978 25.185 56.027
10.413 27.748 57.276
10.631 29.566 57.45
8.783 25.033 55.444
8.816 23.605 55.097
9.658 23.335 53.844
9.327 23.921 52.809
7.365 23.087 54.885
6.555 22.842 56.133
5.049 22.786 55.962
4.32 23.56 56.942
4.153 23.441 58.248
3.41 24.327 58.907
4.695 22.466 58.983
10.686 22.476 53.893
11.656 22.227 52.797
10.927 21.775 51.535
11.325 22.144 50.423
12.779 21.246 53.22
Edges
(18)(15)
(15)(14)
(9)(2)
(9)(8)
(9)(10)
(2)(10)
(8)(10)
(4)(5)
(4)(7)
(4)(6)
(5)(7)
(5)(6)
(7)(6)
(0)(1)
(0)(9)
(0)(3)
(1)(9)
(1)(3)
(9)(3)
(0)(6)
(0)(4)
(6)(3)
(4)(3)
(9)(11)
(9)(12)
(11)(10)
(11)(12)
(10)(12)
(1)(2)
(1)(4)
(2)(0)
(2)(4)
(42)(43)
(42)(41)
(43)(41)
(44)(39)
(44)(31)
(45)(31)
(13)(8)
(13)(10)
(13)(9)
(7)(3)
(0)(5)
(1)(5)
(2)(5)
(11)(14)
(11)(13)
(12)(14)
(12)(13)
(14)(13)
(16)(14)
(16)(18)
(16)(17)
(14)(17)
(18)(17)
(25)(27)
(25)(26)
(27)(26)
(46)(36)
(46)(45)
(36)(45)
(36)(31)
(20)(22)
(20)(23)
(20)(14)
(22)(23)
(16)(19)
(19)(17)
(14)(10)
(1)(8)
(5)(8)
(9)(6)
(7)(8)
(6)(8)
(9)(5)
(34)(28)
(34)(32)
(28)(32)
(43)(2)
(2)(12)
(43)(44)
(44)(42)
(11)(2)
(1)(11)
(1)(12)
(20)(24)
(20)(15)
(24)(23)
(45)(35)
(35)(39)
(35)(31)
(2)(20)
(23)(25)
(23)(26)
(10)(20)
(20)(11)
(10)(15)
(16)(15)
(23)(34)
(23)(28)
(34)(22)
(28)(22)
(15)(13)
(16)(13)
(11)(22)
(31)(30)
(31)(34)
(39)(34)
(30)(34)
(21)(20)
(21)(12)
(20)(12)
(23)(21)
(22)(21)
(12)(22)
(24)(21)
(24)(26)
(24)(22)
(21)(26)
(26)(22)
(18)(19)
(24)(25)
(29)(32)
(29)(28)
(29)(30)
(32)(30)
(28)(30)
(33)(44)
(40)(26)
(40)(41)
(26)(41)
(27)(41)
(31)(37)
(37)(30)
(30)(23)
(21)(25)
(48)(37)
(48)(46)
(37)(46)
(38)(40)
(38)(39)
(40)(39)
(40)(42)
(40)(44)
(44)(41)
(37)(47)
(37)(38)
(39)(41)
(39)(42)
(34)(26)
(26)(28)
(28)(12)
(29)(31)
(31)(32)
(43)(27)
(23)(29)
(29)(34)
(2)(27)
(18)(27)
(27)(24)
(4)(43)
(34)(35)
(38)(26)
(26)(39)
(32)(49)
(49)(31)
(21)(28)
(11)(28)
(47)(48)
(45)(38)
(38)(35)
(37)(34)
(33)(32)
(33)(29)
(33)(49)
(38)(34)
(37)(35)
(37)(36)
(37)(45)
(33)(28)
(34)(36)
(36)(35)
(30)(36)
(45)(47)
(36)(38)
(27)(48)
(47)(36)
(47)(44)
(48)(49)
(47)(49)
(47)(46)
(49)(44)
(49)(46)
(45)(49)
Facet
Cell
Frame
Vertices
2.92568 33.3262 58.003
3.73662 32.8211 56.814
3.2012 32.4189 55.781
3.657 33.131 59.264
2.624 34.822 57.826
3.408 35.517 56.728
4.801 35.951 57.136
4.939 36.693 58.131
5.765 35.549 56.449
5.084 32.859 56.964
5.973 32.295 55.961
6.007 30.78 56.06
5.934 30.167 57.127
7.389 32.859 56.132
8.364 32.332 55.082
7.864 32.641 53.681
8.462 33.837 53.087
8.938 33.87 51.845
8.877 32.766 51.096
9.47 34.982 51.344
6.137 30.136 54.907
6.262 28.677 54.91
7.726 28.264 54.943
8.387 28.494 53.904
5.536 28.195 53.644
5.16 26.743 53.75
5.786 26.1 54.609
4.26 26.277 53.002
8.279 27.704 56.029
9.691 27.261 56.013
9.853 25.752 55.824
10.978 25.185 56.027
10.413 27.748 57.276
10.631 29.566 57.45
8.783 25.033 55.444
8.816 23.605 55.097
9.658 23.335 53.844
9.327 23.921 52.809
7.365 23.087 54.885
6.555 22.842 56.133
5.049 22.786 55.962
4.32 23.56 56.942
4.153 23.441 58.248
3.41 24.327 58.907
4.695 22.466 58.983
10.686 22.476 53.893
11.656 22.227 52.797
10.927 21.775 51.535
11.325 22.144 50.423
12.779 21.246 53.22
Edges
(18)(15)
(15)(14)
(9)(2)
(9)(8)
(9)(10)
(2)(10)
(8)(10)
(4)(5)
(4)(7)
(4)(6)
(5)(7)
(5)(6)
(7)(6)
(0)(1)
(0)(9)
(0)(3)
(1)(9)
(1)(3)
(9)(3)
(0)(6)
(0)(4)
(6)(3)
(4)(3)
(9)(11)
(9)(12)
(11)(10)
(11)(12)
(10)(12)
(1)(2)
(1)(4)
(2)(0)
(2)(4)
(42)(43)
(42)(41)
(43)(41)
(44)(39)
(44)(31)
(45)(31)
(13)(8)
(13)(10)
(13)(9)
(7)(3)
(0)(5)
(1)(5)
(2)(5)
(11)(14)
(11)(13)
(12)(14)
(12)(13)
(14)(13)
(16)(14)
(16)(18)
(16)(17)
(14)(17)
(18)(17)
(25)(27)
(25)(26)
(27)(26)
(46)(36)
(46)(45)
(36)(45)
(36)(31)
(20)(22)
(20)(23)
(20)(14)
(22)(23)
(16)(19)
(19)(17)
(14)(10)
(1)(8)
(5)(8)
(9)(6)
(7)(8)
(6)(8)
(9)(5)
(34)(28)
(34)(32)
(28)(32)
(43)(2)
(2)(12)
(43)(44)
(44)(42)
(11)(2)
(1)(11)
(1)(12)
(20)(24)
(20)(15)
(24)(23)
(45)(35)
(35)(39)
(35)(31)
(2)(20)
(23)(25)
(23)(26)
(10)(20)
(20)(11)
(10)(15)
(16)(15)
(23)(34)
(23)(28)
(34)(22)
(28)(22)
(15)(13)
(16)(13)
(11)(22)
(31)(30)
(31)(34)
(39)(34)
(30)(34)
(21)(20)
(21)(12)
(20)(12)
(23)(21)
(22)(21)
(12)(22)
(24)(21)
(24)(26)
(24)(22)
(21)(26)
(26)(22)
(18)(19)
(24)(25)
(29)(32)
(29)(28)
(29)(30)
(32)(30)
(28)(30)
(33)(44)
(40)(26)
(40)(41)
(26)(41)
(27)(41)
(31)(37)
(37)(30)
(30)(23)
(21)(25)
(48)(37)
(48)(46)
(37)(46)
(38)(40)
(38)(39)
(40)(39)
(40)(42)
(40)(44)
(44)(41)
(37)(47)
(37)(38)
(39)(41)
(39)(42)
(34)(26)
(26)(28)
(28)(12)
(29)(31)
(31)(32)
(43)(27)
(23)(29)
(29)(34)
(2)(27)
(18)(27)
(27)(24)
(4)(43)
(34)(35)
(38)(26)
(26)(39)
(32)(49)
(49)(31)
(21)(28)
(11)(28)
(47)(48)
(45)(38)
(38)(35)
(37)(34)
(33)(32)
(33)(29)
(33)(49)
(38)(34)
(37)(35)
(37)(36)
(37)(45)
(33)(28)
(34)(36)
(36)(35)
(30)(36)
(45)(47)
(36)(38)
(27)(48)
(47)(36)
(47)(44)
(48)(49)
(47)(49)
(47)(46)
(49)(44)
(49)(46)
(45)(49)
Facet
Cell
