
3.657 33.131 59.264
2.952 33.342 58.003
3.763 32.836 56.814
3.227 32.434 55.781
2.624 34.822 57.826
3.408 35.517 56.728
4.801 35.951 57.136
4.939 36.693 58.131
5.765 35.549 56.449
5.084 32.859 56.964
5.973 32.295 55.961
6.007 30.78 56.06
5.934 30.167 57.127
7.389 32.859 56.132
8.364 32.332 55.082
7.864 32.641 53.681
8.462 33.837 53.087
8.938 33.87 51.845
8.877 32.766 51.096
9.47 34.982 51.344
6.137 30.136 54.907
6.262 28.677 54.91
7.726 28.264 54.943
8.387 28.494 53.904
5.536 28.195 53.644
5.16 26.743 53.75
5.786 26.1 54.609
4.26 26.277 53.002
8.279 27.704 56.029
9.691 27.261 56.013
9.853 25.752 55.824
10.978 25.185 56.027
10.413 27.748 57.276
10.631 29.566 57.45
8.783 25.033 55.444
8.816 23.605 55.097
9.658 23.335 53.844
9.327 23.921 52.809
7.365 23.087 54.885
6.555 22.842 56.133
5.049 22.786 55.962
4.32 23.56 56.942
4.153 23.441 58.248
3.41 24.327 58.907
4.695 22.466 58.983
10.686 22.476 53.893
11.656 22.227 52.797
10.927 21.775 51.535
11.325 22.144 50.423
12.779 21.246 53.22
13.706 20.766 52.107
13.685 21.88 54.294
9.85 20.993 51.609
9.085 20.526 50.453
8.315 21.612 49.701
7.847 21.36 48.585
8.082 19.443 50.914
6.938 20.011 51.57
8.128 22.816 50.245
7.469 23.938 49.57
8.439 24.859 48.806
7.919 25.688 48.044
6.653 24.79 50.566
7.546 25.635 51.315
9.76 24.785 48.951
10.75 25.651 48.312
10.789 25.543 46.781
11.008 24.453 46.2
12.198 25.381 48.836
12.481 25.698 50.295
11.557 26.386 51.092
13.658 25.303 50.906
11.805 26.675 52.434
13.934 25.597 52.238
12.998 26.279 53.02
10.623 26.676 46.055
10.788 26.708 44.603
12.259 26.604 44.168
13.146 27.156 44.868
10.161 27.993 44.0
8.641 27.906 43.969
8.224 26.754 43.057
7.346 25.797 43.707
6.736 24.759 43.167
6.87 24.467 41.879
5.97 23.992 43.931
12.527 25.916 43.048
13.854 25.73 42.46
13.927 26.244 41.012
12.918 26.651 40.427
14.333 24.267 42.53
14.408 23.822 44.003
13.461 23.329 41.71
15.113 26.264 40.392
15.281 26.755 39.008
14.465 26.005 37.954
14.663 24.794 37.772
16.767 26.717 38.628
17.108 27.112 37.196
16.68 28.533 36.84
17.088 28.892 35.411
16.946 30.338 35.091
13.567 26.695 37.234
12.79 26.112 36.146
13.582 25.674 34.921
14.442 26.401 34.407
11.753 27.131 35.639
11.34 26.932 34.196
10.564 28.099 33.625
10.847 28.535 32.48
9.647 28.606 34.313
13.288 24.48 34.417
13.979 23.928 33.245
15.508 23.981 33.336
16.171 24.37 32.338
13.402 24.671 32.035
11.919 24.456 31.791
11.335 23.363 31.854
11.188 25.533 31.472
16.167 23.602 34.446
17.628 23.635 34.589
18.43 22.992 33.461
18.011 21.883 33.064
18.092 22.988 35.91
19.603 23.037 36.199
20.298 24.21 36.419
20.362 21.87 36.262
21.679 24.198 36.669
21.741 21.857 36.49
22.449 23.027 36.708
19.532 23.619 33.02
20.435 23.163 31.926
21.881 22.857 32.301
22.736 23.789 32.442
20.387 24.279 30.868
20.94 24.031 29.493
21.876 23.209 29.321
20.469 24.667 28.497
22.279 21.591 32.469
23.594 21.167 32.94
24.722 21.682 32.064
25.756 22.19 32.541
23.726 19.624 32.992
22.81 18.904 33.951
22.792 17.382 33.821
21.863 16.802 32.769
21.736 15.304 32.881
24.548 21.557 30.742
25.692 21.906 29.885
26.047 23.383 29.987
27.243 23.721 29.967
25.454 21.474 28.443
25.046 24.245 30.11
25.233 25.684 30.245
25.881 26.083 31.57
26.549 27.126 31.607
23.869 26.343 30.079
23.88 27.812 29.691
22.771 28.025 28.67
22.003 29.225 28.941
22.444 30.468 29.013
23.722 30.787 28.826
21.564 31.408 29.273
25.74 25.338 32.637
26.359 25.595 33.951
27.827 25.218 34.023
28.527 25.602 34.992
25.533 24.825 34.998
25.661 25.265 36.447
25.073 26.438 36.89
26.353 24.492 37.358
25.188 26.834 38.213
26.493 24.891 38.667
25.926 26.083 39.109
28.439 24.481 33.093
29.847 24.083 33.104
30.846 25.243 33.151
30.477 26.367 32.762
30.151 23.184 31.884
32.087 24.991 33.629
33.148 25.996 33.666
33.577 26.459 35.049
33.303 25.749 36.037
34.231 27.605 35.246
34.807 28.082 36.505
33.818 28.893 37.353
33.13 29.774 36.822
36.062 28.948 36.227
36.976 28.234 35.372
36.856 29.238 37.486
33.732 28.58 38.659
32.884 29.271 39.648
33.673 29.653 40.91
34.251 28.779 41.584
31.64 28.408 39.975
30.508 28.347 38.987
30.198 27.249 38.216
29.522 29.327 38.603
29.106 27.445 37.391
28.673 28.752 37.625
29.267 30.648 39.005
27.599 29.433 37.035
28.215 31.343 38.436
27.407 30.728 37.463
33.758 30.92 41.318
34.5 31.412 42.491
33.513 31.579 43.66
32.46 32.227 43.532
35.294 32.715 42.233
36.499 32.633 41.299
36.36 32.69 39.917
37.82 32.529 41.726
37.42 32.629 39.024
38.919 32.463 40.87
38.71 32.518 39.508
39.77 32.449 38.626
33.775 31.021 44.864
32.863 31.212 45.993
33.139 32.571 46.674
34.301 32.921 46.97
32.931 30.078 46.982
32.059 33.323 46.895
32.193 34.67 47.466
31.559 34.824 48.847
31.995 35.755 49.57
31.653 35.691 46.47
32.129 35.623 45.033
33.903 35.816 44.737
34.093 37.55 45.166
30.58 34.027 49.279
29.939 34.009 50.59
29.399 32.607 50.891
29.086 31.827 49.957
28.806 35.056 50.746
29.284 32.241 52.173
28.748 30.941 52.599
28.001 30.943 53.946
28.347 31.79 54.788
29.884 29.915 52.643
30.95 30.078 53.707
31.932 28.908 53.582
33.301 29.224 54.142
33.384 29.136 55.628
27.03 30.02 54.115
26.382 29.67 55.395
26.914 28.286 55.837
26.768 27.346 55.044
24.855 29.7 55.365
24.111 29.618 56.726
23.566 28.198 56.953
23.247 27.866 58.393
22.929 26.441 58.657
27.493 28.13 57.019
28.16 26.91 57.473
27.195 25.886 58.118
26.179 26.27 58.737
29.25 27.285 58.481
30.583 27.787 57.986
30.83 27.812 56.764
31.501 28.215 58.748
27.488 24.577 58.044
26.789 23.515 58.782
27.512 23.17 60.083
28.481 23.877 60.414
26.913 22.319 57.817
28.294 22.484 57.231
28.57 23.979 57.232
27.146 22.11 60.81
27.917 21.671 61.983
29.227 20.951 61.581
29.198 20.295 60.518
27.095 20.74 62.878
25.751 21.195 63.39
24.801 20.075 63.772
25.125 19.291 64.69
23.711 19.939 63.165
30.348 21.005 62.316
31.574 20.27 62.026
32.612 20.793 61.05
32.56 21.979 60.647
33.616 20.0 60.613
34.666 20.444 59.688
34.095 20.873 58.332
33.174 20.204 57.784
35.706 19.372 59.369
36.714 18.894 60.385
37.606 17.796 59.794
37.562 20.05 60.88
34.638 21.963 57.789
34.141 22.502 56.494
35.262 23.329 55.862
36.226 23.811 56.493
32.82 23.232 56.681
31.895 23.523 55.503
31.2 22.555 54.804
31.695 24.829 55.075
30.352 22.815 53.722
30.863 25.13 53.995
30.158 24.136 53.307
35.242 23.526 54.535
36.252 24.366 53.893
36.206 25.792 54.443
35.127 26.371 54.736
36.018 24.357 52.38
36.07 23.004 51.659
35.567 23.156 50.236
37.493 22.474 51.716
37.37 26.45 54.61
37.447 27.785 55.191
37.542 28.948 54.199
36.68 29.83 54.407
38.685 27.876 56.118
38.655 26.912 57.299
37.45 27.103 58.201
36.454 26.371 58.117
37.537 28.093 59.081
38.481 29.005 53.246
38.642 30.145 52.303
39.528 29.833 51.086
39.963 28.683 50.959
39.107 31.393 53.054
40.474 31.367 53.701
41.379 30.713 53.14
40.684 32.013 54.758
39.799 30.792 50.191
40.492 30.553 48.908
39.84 29.401 48.113
40.587 28.548 47.557
42.003 30.337 49.139
42.765 31.57 49.62
43.29 32.391 48.855
42.919 31.761 50.936
38.498 29.331 48.006
37.721 28.272 47.358
37.336 28.505 45.887
36.693 29.502 45.562
36.408 27.998 48.155
36.691 27.715 49.634
35.561 26.897 47.514
35.529 27.94 50.584
37.735 27.634 44.959
37.417 27.627 43.537
36.943 26.228 43.101
37.574 25.245 43.52
38.598 28.056 42.634
38.094 28.27 41.201
39.325 29.301 43.125
35.889 26.162 42.305
35.23 25.007 41.71
35.265 24.999 40.174
35.121 26.06 39.573
33.758 24.904 42.143
35.415 23.809 39.602
35.418 23.579 38.151
34.41 22.479 37.772
34.671 21.285 38.071
36.849 23.212 37.729
37.11 23.071 36.25
37.237 24.411 35.542
37.737 25.383 36.159
36.845 24.485 34.359
33.266 22.796 37.126
32.187 21.871 36.753
32.384 21.323 35.335
32.797 22.075 34.422
30.804 22.536 36.943
30.243 22.641 38.384
30.724 23.539 39.324
29.197 21.808 38.825
30.226 23.618 40.637
28.679 21.838 40.104
29.199 22.736 41.018
32.132 20.048 35.022
32.195 19.425 33.707
31.01 18.508 33.358
30.368 17.933 34.254
33.486 18.591 33.539
34.617 19.369 33.937
30.665 18.351 32.059
29.619 17.416 31.634
30.122 16.489 30.513
30.698 16.979 29.531
28.334 18.135 31.16
27.166 17.176 30.978
27.914 19.235 32.138
29.936 15.164 30.581
30.474 14.311 29.499
29.486 14.117 28.344
28.354 14.623 28.388
30.976 12.963 30.034
29.933 11.941 30.455
28.74 12.078 30.111
30.28 10.936 31.142
29.892 13.408 27.288
29.015 13.141 26.134
27.676 12.48 26.47
26.671 12.711 25.766
29.796 12.303 25.084
31.285 12.653 25.044
32.086 12.072 23.9
31.395 11.592 22.965
33.354 12.06 23.868
27.527 11.685 27.522
26.246 11.015 27.803
25.416 11.697 28.889
24.405 11.193 29.429
26.537 9.567 28.184
26.778 8.649 26.994
27.124 7.466 27.109
26.587 9.17 25.791
25.831 12.905 29.235
25.011 13.762 30.098
25.354 13.701 31.57
24.627 14.315 32.391
26.407 12.98 31.983
26.778 12.95 33.411
27.557 14.166 33.926
28.674 14.457 33.411
27.613 11.671 33.673
27.996 11.56 35.107
29.297 11.739 35.545
27.276 11.301 36.226
29.344 11.59 36.873
28.125 11.323 37.309
27.106 14.924 34.922
27.783 16.105 35.506
28.753 15.708 36.642
28.327 14.824 37.456
26.737 17.13 35.988
27.239 18.512 36.427
25.963 19.789 36.706
25.287 19.292 38.29
29.972 16.277 36.742
30.965 16.137 37.798
31.695 17.452 38.125
31.506 18.447 37.392
31.98 15.026 37.502
32.852 15.235 36.413
32.513 17.494 39.201
33.345 18.667 39.557
34.617 18.422 40.359
34.651 17.411 41.074
32.443 19.623 40.365
35.641 19.305 40.261
36.764 19.348 41.212
36.68 20.606 42.083
36.009 21.551 41.64
38.192 19.331 40.627
38.383 20.45 39.75
38.482 18.074 39.807
37.343 20.681 43.251
37.361 21.913 44.053
38.581 22.014 44.949
38.996 20.98 45.476
36.085 21.998 44.898
39.154 23.196 45.149
40.346 23.42 45.963
40.058 24.492 47.013
39.238 25.399 46.795
41.527 23.803 45.067
41.786 22.73 44.006
42.372 23.308 42.727
42.005 22.459 41.515
40.61 22.721 41.05
40.657 24.434 48.198
40.503 25.469 49.217
41.292 25.227 50.487
41.663 24.071 50.771
41.615 26.253 51.311
42.385 25.927 52.521
41.446 25.411 53.619
40.286 25.858 53.699
43.217 27.041 53.095
43.068 28.503 52.992
44.068 29.312 53.823
43.553 30.568 54.343
44.056 31.792 54.251
43.464 32.869 54.787
45.202 31.997 53.609
41.932 24.51 54.478
41.159 23.969 55.597
42.085 23.589 56.76
43.217 23.165 56.543
40.291 22.777 55.142
41.169 21.651 54.599
39.367 22.292 56.255
41.586 23.745 57.987
42.273 23.495 59.238
41.844 22.137 59.765
40.672 21.983 60.086
41.947 24.595 60.242
43.137 25.205 60.972
42.732 25.721 62.338
43.397 26.886 62.86
43.875 27.958 62.257
44.453 28.899 63.013
43.802 28.121 60.939
42.754 21.173 59.824
42.446 19.831 60.291
42.304 19.743 61.803
42.505 20.714 62.527
43.552 18.854 59.843
43.988 19.074 58.382
45.259 18.312 58.076
42.803 18.703 57.491
41.956 18.543 62.255
41.832 18.216 63.663
43.005 18.681 64.509
42.839 18.952 65.704
41.648 16.679 63.744
40.306 16.262 63.104
39.309 17.376 63.401
40.413 16.001 61.614
44.19 18.783 63.92
45.412 19.184 64.6
45.829 20.588 64.175
47.002 20.948 64.287
46.555 18.216 64.319
46.717 17.858 62.865
46.381 18.595 61.939
47.253 16.667 62.617
44.862 21.352 63.688
45.058 22.754 63.343
46.087 22.98 62.237
46.186 24.138 61.814
45.437 23.531 64.611
44.93 24.955 64.676
43.796 25.241 65.063
45.79 25.904 64.302
46.825 22.003 61.731
47.62 22.105 60.519
46.806 22.795 59.401
45.61 22.53 59.223
48.079 20.766 59.961
49.007 19.87 60.7
49.716 20.101 61.844
49.338 18.523 60.305
50.461 18.996 62.187
50.245 18.011 61.256
48.939 17.718 59.23
50.772 16.721 61.176
49.464 16.441 59.156
50.366 15.953 60.116
47.496 23.651 58.653
46.924 24.441 57.576
47.289 23.905 56.192
48.437 24.105 55.796
47.435 25.87 57.759
46.382 26.944 57.56
45.281 26.669 57.028
46.697 28.094 57.956
46.357 23.249 55.493
46.672 22.598 54.217
45.786 23.061 53.059
44.672 23.537 53.294
46.538 21.051 54.248
47.372 20.429 55.359
45.063 20.671 54.347
46.273 22.892 51.825
45.42 23.11 50.661
44.765 21.773 50.302
45.479 20.838 49.891
46.202 23.682 49.475
46.713 25.429 49.667
43.45 21.626 50.425
42.727 20.414 50.053
42.345 20.38 48.567
41.865 21.412 48.077
41.464 20.229 50.887
42.538 19.247 47.899
42.113 19.012 46.516
40.974 17.977 46.491
41.256 16.777 46.704
43.328 18.591 45.665
44.351 19.684 45.483
45.374 19.722 46.215
44.233 20.564 44.603
39.716 18.345 46.259
38.503 17.515 46.334
37.889 17.143 44.967
38.154 17.83 43.946
37.426 18.182 47.197
37.872 18.762 48.544
38.358 17.511 49.785
36.778 16.649 49.978
37.075 16.065 44.908
36.403 15.541 43.726
34.936 15.176 43.998
34.675 14.562 45.049
37.153 14.283 43.203
36.689 13.922 41.797
38.675 14.463 43.196
33.917 15.435 43.193
32.492 15.075 43.331
31.792 14.534 42.077
32.11 14.979 40.945
30.833 13.597 42.205
29.965 13.141 41.081
28.482 13.314 41.348
28.077 12.995 42.488
30.3 11.665 40.795
29.634 11.169 39.626
29.782 10.727 41.892
27.619 13.724 40.407
26.196 14.039 40.612
25.198 13.068 39.944
25.324 12.824 38.734
25.91 15.482 40.121
26.693 16.585 40.795
27.908 16.981 40.268
26.266 17.224 41.956
28.696 17.955 40.843
27.055 18.197 42.543
28.283 18.563 42.02
24.196 12.471 40.594
23.152 11.575 40.085
21.811 12.308 39.881
21.306 12.891 40.87
22.937 10.348 41.001
24.135 9.566 41.131
21.87 9.385 40.454
21.195 12.314 38.688
19.908 12.962 38.393
18.67 12.381 39.107
18.683 11.136 39.369
19.606 12.919 36.877
20.535 13.594 35.908
21.707 13.171 35.656
20.146 14.608 35.28
17.615 13.165 39.376
16.305 12.792 39.959
15.073 13.252 39.157
15.149 13.839 38.061
16.093 13.345 41.394
15.723 14.757 41.402
17.34 13.323 42.304
13.836 13.053 39.642
12.586 13.432 38.987
12.304 14.95 38.928
11.317 15.343 38.227
11.367 12.76 39.645
10.96 13.344 40.991
9.548 13.887 41.078
9.206 14.906 40.442
8.717 13.288 41.824
13.092 15.79 39.584
13.139 17.263 39.406
14.483 17.626 38.751
15.564 17.336 39.321
12.955 18.0 40.725
12.815 19.511 40.653
13.513 20.161 39.845
12.002 20.138 41.41
14.578 18.214 37.559
15.894 18.47 36.913
16.888 19.391 37.633
18.112 19.402 37.245
15.469 19.143 35.6
14.045 18.777 35.359
13.442 18.697 36.732
16.507 20.165 38.647
17.366 21.029 39.461
17.787 20.376 40.779
18.524 21.06 41.517
16.649 22.356 39.769
17.418 19.159 41.135
17.727 18.488 42.416
18.628 17.256 42.167
18.224 16.389 41.345
16.417 18.181 43.188
15.484 19.314 43.659
14.212 18.877 44.395
13.352 19.993 44.958
12.13 19.602 45.772
19.826 17.098 42.758
20.779 16.008 42.537
21.229 15.294 43.838
21.072 15.92 44.904
22.105 16.442 41.85
21.88 17.039 40.457
21.991 16.267 39.309
21.544 18.382 40.357
21.72 16.819 38.081
21.285 18.977 39.13
21.417 18.176 37.999
21.776 14.066 43.786
22.562 13.479 44.874
24.093 13.562 44.58
24.494 13.047 43.514
22.143 12.041 45.193
20.645 11.845 45.557
20.346 12.592 46.845
20.47 11.74 48.095
21.143 12.429 49.249
24.956 14.167 45.437
26.41 14.309 45.254
27.284 13.378 46.12
27.287 13.512 47.368
26.831 15.774 45.554
28.312 16.105 45.299
28.91 17.789 45.722
29.01 17.668 47.491
28.082 12.429 45.605
29.096 11.632 46.322
30.458 12.328 46.27
30.855 12.745 45.154
29.183 10.2 45.723
30.129 9.223 46.395
30.314 7.89 45.644
31.334 6.983 46.295
31.658 5.717 45.585
31.257 12.533 47.335
32.533 13.3 47.297
33.717 12.722 48.085
33.455 11.96 49.055
32.298 14.779 47.744
31.898 14.944 49.205
30.567 14.839 49.649
32.849 15.22 50.193
30.215 14.994 51.003
32.532 15.363 51.532
31.209 15.254 51.925
30.882 15.392 53.269
34.994 13.006 47.764
36.243 12.561 48.405
37.469 13.44 48.105
37.395 14.336 47.232
36.646 11.113 48.026
36.882 10.839 46.566
38.095 10.789 45.931
35.904 10.547 45.544
37.937 10.504 44.576
36.58 10.353 44.335
34.495 10.443 45.529
35.922 10.058 43.135
33.819 10.15 44.344
34.545 9.959 43.148
38.637 13.226 48.757
39.867 13.957 48.407
41.054 13.22 47.811
41.127 11.989 47.907
42.047 13.88 47.198
43.289 13.282 46.653
44.153 12.666 47.751
44.666 11.552 47.537
44.122 14.286 45.837
45.488 13.745 45.431
43.316 14.695 44.587
44.267 13.337 48.903
44.934 12.791 50.093
43.953 11.969 50.941
42.79 12.324 51.097
45.585 13.866 50.955
44.422 10.855 51.515
43.549 9.895 52.192
43.076 10.383 53.557
42.098 9.844 54.119
44.212 8.524 52.297
45.401 8.44 53.066
43.719 11.392 54.134
43.212 11.913 55.414
42.079 12.937 55.282
41.552 13.365 56.327
44.407 12.463 56.216
45.29 13.488 55.523
44.841 14.789 55.325
46.563 13.159 55.072
45.642 15.727 54.695
47.372 14.09 54.434
46.911 15.383 54.236
41.629 13.364 54.106
40.506 14.334 53.953
39.103 13.722 54.039
38.999 12.501 53.764
40.754 15.105 52.64
42.07 15.91 52.502
42.256 16.399 51.07
42.119 17.087 53.457
37.977 14.36 54.4
36.611 13.824 54.59
35.939 13.25 53.344
36.223 13.76 52.243
35.683 14.917 55.189
34.289 14.608 55.691
33.428 15.775 56.12
33.382 16.187 57.29
32.68 16.383 55.205
35.067 12.251 53.472
34.256 11.653 52.394
32.762 11.561 52.721
32.461 11.474 53.929
34.793 10.242 52.09
36.28 10.249 51.778
37.014 9.002 52.211
36.122 7.797 52.42
36.841 6.752 53.219
31.797 11.589 51.803
30.361 11.479 52.102
29.359 11.585 50.951
29.776 11.436 49.782
28.064 11.809 51.209
26.939 11.892 50.281
25.862 12.923 50.646
25.101 12.649 51.605
26.24 10.518 50.205
27.051 9.337 49.744
27.688 8.604 50.512
27.041 9.115 48.436
25.721 14.069 49.982
24.814 15.182 50.288
23.781 15.521 49.189
24.14 15.458 47.985
25.669 16.458 50.552
26.532 16.592 51.784
26.285 15.92 52.82
27.527 17.401 51.806
22.519 15.932 49.509
21.619 16.603 48.566
22.318 17.876 47.995
23.125 18.527 48.709
20.254 17.04 49.102
19.261 16.004 49.547
19.459 14.793 49.275
18.206 16.329 50.171
22.077 18.223 46.711
22.673 19.39 46.021
21.576 20.061 45.152
21.237 19.477 44.088
23.892 19.047 45.159
24.745 20.169 44.582
25.909 20.641 45.171
24.588 20.926 43.461
26.425 21.645 44.424
25.637 21.845 43.365
20.999 21.213 45.555
19.896 21.876 44.849
20.324 23.219 44.208
21.011 23.989 44.915
18.653 22.065 45.761
17.893 20.876 46.291
18.206 19.535 46.114
16.677 20.881 47.101
17.271 18.727 46.75
16.33 19.533 47.361
15.808 21.856 47.662
15.21 19.13 48.114
14.687 21.483 48.414
14.39 20.109 48.641
19.966 23.496 42.944
20.155 24.823 42.305
18.885 25.67 42.476
17.868 25.488 41.757
20.603 24.702 40.827
21.752 23.709 40.578
20.933 26.082 40.244
23.042 23.881 41.357
18.908 26.591 43.483
17.744 27.399 43.856
17.447 28.458 42.781
16.266 28.707 42.381
17.946 28.066 45.232
18.205 27.059 46.355
16.779 29.018 45.536
17.149 25.952 46.479
18.49 29.103 42.215
18.412 30.016 41.051
19.788 30.277 40.412
20.842 30.146 41.092
17.725 31.313 41.438
17.208 32.208 40.329
17.078 31.881 39.14
16.879 33.381 40.672
19.852 30.632 39.13
21.066 31.042 38.393
20.752 31.743 37.069
19.69 31.506 36.482
21.97 29.83 38.096
23.164 30.223 37.402
21.274 28.839 37.146
21.635 32.604 36.55
21.516 33.174 35.203
22.601 32.687 34.247
22.746 33.189 33.123
21.532 34.712 35.247
22.87 35.345 35.576
23.844 34.652 35.921
22.984 36.601 35.536
23.356 31.692 34.694
24.405 31.009 33.95
25.601 31.912 33.673
26.745 31.43 33.538
23.825 30.374 32.655
22.669 29.4 32.867
22.88 28.088 33.277
21.334 29.744 32.669
21.865 27.157 33.481
20.303 28.837 32.874
20.549 27.54 33.282
19.542 26.616 33.496
25.478 33.244 33.576
26.642 34.007 33.142
27.155 34.993 34.196
28.279 35.477 33.993
26.352 34.761 31.845
25.056 34.486 31.123
24.96 35.204 29.791
24.814 34.539 28.746
25.035 36.452 29.752
26.427 35.285 35.255
26.834 36.126 36.366
26.836 35.468 37.75
27.898 35.545 38.405
25.889 37.357 36.44
25.899 37.99 35.148
26.386 38.364 37.452
25.767 34.859 38.242
25.579 34.345 39.611
24.904 32.98 39.702
24.207 32.574 38.762
24.727 35.356 40.397
23.23 35.242 40.183
22.616 35.808 39.067
22.387 34.589 41.068
21.25 35.736 38.825
21.012 34.49 40.823
20.426 35.052 39.709
25.067 32.272 40.846
24.301 31.083 41.201
24.096 31.009 42.713
25.046 31.442 43.395
25.022 29.843 40.689
22.994 30.499 43.245
22.653 30.179 44.625
22.413 28.671 44.809
21.486 28.162 44.148
21.413 31.0 45.087
21.156 30.721 46.571
21.558 32.491 44.804
23.218 27.983 45.645
23.18 26.541 45.922
22.658 26.262 47.326
22.864 27.129 48.242
24.597 25.931 45.701
24.91 24.512 46.124
25.228 24.278 47.601
25.494 25.256 48.316
25.132 23.019 48.066
22.054 25.099 47.614
21.522 24.73 48.968
21.603 23.207 49.251
21.388 22.388 48.321
20.071 25.17 49.186
19.256 24.794 50.412
19.411 25.485 51.614
18.283 23.772 50.451
18.673 25.172 52.778
17.524 23.419 51.579
17.732 24.153 52.762
16.998 23.842 53.907
21.884 22.734 50.47
21.835 21.355 50.958
21.182 21.22 52.346
21.734 21.891 53.265
23.264 20.746 51.035
23.281 19.356 51.337
20.114 20.422 52.58
19.611 20.115 53.944
20.102 18.709 54.329
19.672 17.758 53.629
18.082 20.26 54.117
17.403 19.849 55.784
20.966 18.565 55.334
21.572 17.326 55.843
20.611 16.626 56.83
20.815 15.394 57.037
23.001 17.513 56.439
24.153 17.86 55.485
25.561 17.901 56.098
26.694 17.851 55.134
27.969 18.193 55.338
28.932 18.105 54.398
28.389 18.657 56.523
19.589 17.257 57.444
18.651 16.665 58.427
17.303 17.365 58.604
17.306 18.618 58.83
19.342 16.628 59.811
18.582 15.962 60.962
18.479 14.44 60.8
19.306 16.247 62.28
16.13 16.707 58.543
14.794 17.304 58.661
14.265 17.287 60.109
14.483 16.285 60.808
13.689 16.614 57.849
13.701 16.694 56.327
12.595 15.826 55.696
13.533 18.133 55.835
13.577 18.332 60.533
12.834 18.4 61.802
11.492 17.657 61.659
11.029 17.404 60.541
12.587 19.847 62.239
13.67 20.562 63.012
14.31 20.047 63.933
13.946 21.835 62.695
10.792 17.286 62.726
9.519 16.55 62.698
8.399 17.338 61.999
7.475 16.723 61.399
9.111 16.103 64.123
10.116 15.13 64.786
9.771 14.926 66.262
10.207 13.781 64.084
8.448 18.669 62.047
7.421 19.549 61.453
7.732 19.876 59.991
6.994 20.627 59.344
7.216 20.835 62.256
8.41 21.774 62.331
9.448 21.584 61.64
8.334 22.755 63.118
8.801 19.293 59.438
9.109 19.537 58.035
10.072 20.655 57.707
10.502 20.744 56.513
10.473 21.516 58.653
11.571 22.496 58.407
12.987 21.871 58.469
13.046 20.663 58.811
11.457 23.677 59.39
11.694 23.247 60.75
10.065 24.32 59.429
14.121 22.548 58.173
15.484 21.95 58.189
16.222 22.09 59.531
16.221 23.211 60.085
16.459 22.493 57.095
18.073 21.59 56.816
16.845 21.041 60.047
17.652 21.113 61.285
19.145 21.333 61.057
19.771 21.747 62.079
17.463 19.835 62.122
19.804 21.074 59.933
21.256 21.233 59.649
21.425 21.519 58.163
21.221 20.571 57.398
22.123 20.028 60.038
23.633 20.121 59.98
24.227 21.234 60.147
24.347 19.08 59.808
21.775 22.739 57.769
21.931 23.18 56.387
23.276 23.825 56.055
23.975 24.353 56.964
20.764 24.165 56.094
20.82 25.368 56.856
23.679 23.861 54.767
24.744 24.748 54.245
24.327 25.371 52.893
23.426 24.857 52.168
26.12 24.089 54.059
26.469 22.991 53.107
26.402 21.636 53.482
26.928 23.218 51.792
26.735 20.564 52.623
27.253 22.16 50.946
27.163 20.824 51.345
27.496 19.763 50.481
24.94 26.48 52.461
24.634 27.216 51.229
25.805 28.06 50.686
26.457 28.741 51.527
23.374 28.088 51.454
23.0 28.907 50.324
26.089 28.053 49.377
27.152 28.851 48.721
26.548 29.888 47.749
25.565 29.522 47.043
28.177 28.032 47.911
29.267 27.302 48.706
30.372 27.932 49.239
29.199 25.918 48.922
31.378 27.314 49.954
30.18 25.278 49.663
31.279 25.938 50.194
27.082 31.105 47.679
26.856 32.131 46.646
28.102 32.118 45.74
29.238 32.397 46.216
26.568 33.547 47.177
26.241 34.489 46.027
25.42 33.529 48.204
27.927 31.784 44.445
29.054 31.702 43.513
29.036 32.828 42.457
27.923 33.281 42.128
29.019 30.373 42.76
29.331 29.065 43.47
30.591 28.727 43.913
28.299 28.155 43.686
30.871 27.516 44.532
28.538 26.935 44.286
29.824 26.61 44.714
30.197 33.236 41.914
30.418 34.23 40.862
31.311 33.783 39.696
32.281 33.029 39.867
31.078 35.494 41.423
31.074 34.228 38.465
31.936 33.934 37.321
33.199 34.822 37.352
34.313 34.411 37.028
31.251 34.137 35.976
30.282 33.079 35.511
30.79 31.651 35.413
29.822 30.797 34.72
29.965 29.533 34.381
28.972 28.889 33.745
31.097 28.875 34.661
33.013 36.073 37.74
33.955 37.169 37.866
34.229 37.463 39.331
33.314 37.926 40.034
33.331 38.361 37.152
34.078 39.661 37.11
33.658 40.472 36.239
35.033 39.915 37.873
35.43 37.243 39.857
35.687 37.458 41.288
35.672 38.927 41.733
36.497 39.264 42.583
37.091 36.883 41.506
37.455 36.182 40.248
36.636 36.805 39.152
34.774 39.723 41.214
34.331 41.078 41.482
32.954 41.122 42.151
32.307 40.08 42.256
34.278 41.891 40.18
35.416 41.607 39.382
32.457 42.267 42.597
31.303 42.487 43.393
29.847 42.316 43.147
29.013 42.461 44.064
29.589 42.014 41.594
27.905 42.09 41.687
27.455 43.57 41.758
27.76 44.305 42.694
26.954 41.266 42.568
27.14 39.764 42.584
27.455 38.974 41.498
26.982 39.107 43.795
27.631 37.587 41.601
27.155 37.739 43.92
27.476 36.943 42.821
26.706 43.943 40.745
25.895 45.134 40.649
24.75 45.152 41.667
24.376 44.091 42.185
25.259 45.26 39.253
24.298 44.236 39.087
24.227 46.338 41.946
23.057 46.533 42.801
21.847 45.666 42.48
21.248 45.056 43.396
22.683 47.998 42.532
23.99 48.67 42.241
24.785 47.636 41.488
21.429 45.567 41.222
20.255 44.733 40.918
20.445 43.238 41.157
19.494 42.547 41.567
19.87 44.887 39.455
18.986 46.056 39.059
19.11 46.245 37.547
18.542 47.204 36.987
19.812 45.37 36.971
21.619 42.672 40.872
21.879 41.268 41.216
22.006 41.03 42.713
21.527 40.007 43.211
23.141 40.754 40.502
23.683 39.493 41.161
22.829 40.501 39.029
22.621 41.925 43.481
22.589 41.802 44.939
21.167 41.675 45.498
20.975 40.926 46.485
23.334 43.007 45.541
24.85 42.953 45.328
25.556 43.99 46.179
26.439 44.716 45.724
25.219 44.091 47.459
20.162 42.342 44.935
18.784 42.334 45.425
18.04 41.023 45.143
17.326 40.482 46.012
17.986 43.546 44.875
17.592 43.323 43.445
16.41 43.99 42.798
16.77 44.523 41.413
16.664 46.019 41.372
18.158 40.428 43.972
17.724 39.075 43.66
18.4 38.014 44.539
17.686 37.087 44.95
17.989 38.808 42.168
17.251 39.783 41.243
17.679 37.366 41.825
17.721 39.691 39.804
19.687 38.062 44.905
20.358 37.104 45.798
19.701 37.198 47.172
19.371 36.121 47.699
21.88 37.313 45.868
22.637 36.555 46.958
22.544 36.877 44.548
19.476 38.388 47.739
18.81 38.529 49.036
17.386 37.964 49.048
16.972 37.346 50.048
18.788 39.995 49.507
20.109 40.703 49.393
20.754 41.061 50.713
22.02 41.754 50.5
23.279 41.359 50.539
24.258 42.226 50.29
23.62 40.107 50.825
16.591 38.131 47.991
15.249 37.553 47.926
15.278 36.028 47.956
14.408 35.416 48.605
14.524 38.069 46.669
14.036 39.499 46.831
13.627 40.209 45.561
13.953 39.773 44.453
12.913 41.325 45.713
16.237 35.387 47.294
16.409 33.93 47.384
16.861 33.483 48.779
16.385 32.422 49.246
17.382 33.423 46.317
17.091 33.836 44.886
15.689 33.398 44.485
15.398 33.798 43.111
14.229 34.247 42.703
13.264 34.335 43.599
14.039 34.594 41.429
17.733 34.211 49.471
18.141 33.879 50.853
16.899 33.951 51.761
16.779 33.124 52.679
19.335 34.735 51.368
20.618 34.64 50.539
21.752 35.592 50.85
22.994 35.289 50.746
21.428 36.814 51.255
15.918 34.845 51.611
14.686 34.867 52.397
13.726 33.694 52.139
13.14 33.23 53.155
13.873 36.162 52.212
13.114 36.523 53.516
13.861 37.715 54.103
14.828 38.065 53.363
13.553 38.286 55.162
13.536 33.22 50.906
12.827 32.011 50.551
13.352 30.825 51.382
12.469 30.084 51.84
12.943 31.669 49.047
12.294 30.336 48.65
12.788 29.776 47.33
12.954 28.525 47.222
13.024 30.599 46.404
14.664 30.66 51.554
15.28 29.535 52.278
15.174 29.662 53.805
15.577 28.774 54.577
16.744 29.387 51.788
17.033 29.17 50.302
18.528 29.159 49.964
16.429 27.841 49.818
14.601 30.754 54.331
14.561 31.06 55.783
16.003 31.188 56.299
16.352 30.815 57.444
13.615 30.037 56.458
11.855 30.026 55.873
16.961 31.756 55.55
18.39 31.951 55.875
18.92 33.382 55.786
20.165 33.611 55.809
19.282 31.035 54.976
19.204 29.519 55.214
20.127 28.769 54.25
19.603 29.094 56.622
18.07 34.399 55.687
18.444 35.809 55.691
19.348 36.17 56.872
19.053 35.761 57.987
17.183 36.684 55.714
20.417 36.938 56.634
21.376 37.443 57.622
22.25 36.368 58.274
22.979 36.62 59.293
20.6 38.31 58.66
19.862 39.51 58.132
18.909 40.265 59.052
17.808 39.391 59.449
16.702 39.211 58.73
15.757 38.397 59.143
16.494 39.838 57.571
22.3 35.136 57.721
23.182 34.086 58.281
24.437 33.763 57.46
25.177 32.792 57.762
22.306 32.83 58.563
21.199 32.993 59.61
20.331 31.779 59.88
19.059 31.754 59.856
20.981 30.639 60.18
24.88 34.5 56.414
26.101 34.282 55.62
27.33 35.128 55.971
27.187 36.221 56.58
25.759 34.517 54.128
24.702 33.637 53.467
23.337 33.704 53.742
25.052 32.675 52.509
22.37 32.889 53.129
24.124 31.863 51.896
22.77 31.951 52.202
21.857 31.13 51.549
28.572 34.735 55.603
29.812 35.542 55.722
30.624 35.626 54.424
30.646 34.66 53.646
30.762 35.013 56.816
30.201 34.986 58.228
30.785 33.781 58.983
32.177 33.609 58.626
32.958 32.547 58.579
34.22 32.733 58.198
32.533 31.331 58.893
31.337 36.741 54.142
32.203 36.884 52.964
33.515 36.1 53.028
34.088 35.994 54.137
32.528 38.386 52.811
31.645 39.237 51.926
30.183 38.823 51.875
31.7 40.734 52.319
34.064 35.535 51.961
35.25 34.652 51.849
36.476 35.272 51.205
36.34 35.746 50.072
34.849 33.388 51.022
33.601 32.645 51.458
36.02 32.409 50.927
33.07 31.613 50.484
37.7 35.351 51.755
38.84 35.932 51.031
39.434 35.037 49.928
39.232 33.822 49.916
39.921 36.144 52.089
39.398 35.64 53.375
38.106 34.925 53.099
40.154 35.707 49.027
40.921 35.151 47.93
42.338 35.722 47.938
42.533 36.913 47.686
40.207 35.422 46.601
38.979 34.563 46.478
39.007 33.319 45.887
37.702 34.746 46.872
37.798 32.778 45.914
36.976 33.636 46.515
43.278 34.85 48.252
44.595 35.085 48.779
45.791 34.491 48.072
46.947 34.845 48.339
44.61 34.482 50.223
44.348 35.646 51.171
44.472 36.769 50.677
44.004 35.363 52.411
45.599 33.537 47.165
46.808 32.958 46.582
47.337 31.767 47.363
48.17 31.038 46.814
46.892 31.569 48.599
47.427 30.51 49.445
47.39 29.168 48.736
48.332 28.371 48.781
46.659 30.426 50.758
47.345 29.616 51.842
47.058 28.268 52.024
48.277 30.211 52.696
47.674 27.503 53.014
48.895 29.468 53.688
48.587 28.13 53.837
49.214 27.409 54.829
46.284 28.891 48.034
46.315 27.631 47.264
46.536 27.951 45.791
46.174 29.058 45.384
45.043 26.826 47.541
44.906 26.403 49.309
47.124 27.045 45.048
47.584 27.126 43.678
46.827 28.142 42.831
47.035 29.348 42.822
47.47 25.742 43.017
48.36 24.649 43.571
48.19 24.232 44.742
49.25 24.172 42.825